BLACK VOLTA, VONKORO
12.000,12.000,12.000,11.000,11.000,10.000,10.000,10.000,10.000,10.000,9999,        1 11979
 9.000, 9.000, 9.000, 9.000, 8.000, 8.000, 8.000, 8.000, 7.000, 7.000,9999,        2 11979
 7.000, 7.000, 6.000, 6.000, 6.000, 6.000, 5.000, 5.000, 5.000, 5.000, 5.000,       3 11979
 5.000, 4.000, 4.000, 4.000, 4.000, 4.000, 4.000, 4.000, 3.000, 3.000,9999,        1 21979
 3.000, 3.000, 3.000, 3.000, 3.000, 3.000, 3.000, 2.000, 2.000, 2.000,9999,        2 21979
 2.000, 2.000, 2.000, 1.000, 1.000, 1.000, 1.000, 1.000, 9999, 9999, 9999,       3 21979
 1.000, 1.000, 1.000, 1.000, 1.000, 1.000, 1.000, 1.000, 1.000, 1.000,9999,        1 31979
 1.000, 1.000, 1.000, 1.000, 0.000, 0.000, 0.000, 0.000, 0.000, 0.000,9999,        2 31979
 0.000, 0.000, 0.000, 0.000, 0.000, 0.000, 0.000, 1.000, 1.000, 1.000, 1.000,       3 31979
 1.000, 1.000, 1.000, 1.000, 1.000, 0.000, 0.000, 0.000, 0.000, 0.000,9999,        1 41979
 0.000, 0.000, 0.000, 0.000, 0.000, 0.000, 1.000, 2.000, 2.000, 1.000,9999,        2 41979
 1.000, 1.000, 1.000, 0.000, 0.000, 0.000, 1.000, 1.000, 1.000, 1.000, 9999,       3 41979
 1.000, 2.000, 6.000, 9.000,12.000,12.000,10.000,10.000,12.000,15.000,9999,        1 51979
18.000,29.000,57.000,61.000,53.000,54.000,56.000,58.000,60.000,52.000,9999,        2 51979
36.000,30.000,23.000,18.000,19.000,43.000,63.000,68.000,73.000,59.000,44.000,       3 51979
37.000,29.000,25.000,25.000,57.000,76.000,163.00,165.00,173.00,149.00,            1 61979
132.00,138.00,176.00,281.00,370.00,335.00,276.00,259.00,284.00,297.00,            2 61979
301.00,281.00,240.00,233.00,220.00,208.00,196.00,181.00,174.00,167.00,9999,       3 61979
164.00,157.00,143.00,135.00,9999, 9999,150.00,152.00,138.00,124.00,            1 71979
119.00,112.00,109.00,122.00,148.00,158.00,180.00,194.00,221.00,245.00,            2 71979
248.00,267.00,307.00,385.00,388.00,438.00,456.00,454.00,455.00,430.00,414.00,      3 71979
422.00,425.00,406.00,392.00,381.00,370.00,373.00,396.00,402.00,399.00,            1 81979
388.00,356.00,339.00,377.00,405.00,398.00,388.00,373.00,349.00,329.00,            2 81979
300.00,284.00,275.00,296.00,312.00,320.00,344.00,373.00,438.00,571.00,583.00,      3 81979
621.00704.00693.00713.00725.00715.00693.00639.00618.00617.00,            1 91979
611.00653.00719.00755.00785.00814.00814.00810.00814.00810.00,            2 91979
802.00785.00770.00752.00720.00695.00664.00673.00720.00686.00,9999,       3 91979
685.00676.00665.00644.00625.00,575.00,545.00,549.00,545.00,513.00,            1101979
491.00,470.00,416.00,395.00,366.00,354.00,331.00,310.00,289.00,256.00,            2101979
241.00,229.00,227.00,221.00,213.00,206.00,199.00,192.00,186.00,183.00,180.00,      3101979
178.00,172.00,160.00,152.00,140.00,133.00,122.00,113.00,107.0099.000,9999,        1111979
94.000,90.000,87.000,85.000,82.000,79.000,76.000,72.000,71.000,70.000,9999,        2111979
70.000,69.000,67.000,65.000,63.000,61.000,60.000,60.000,59.000,59.000, 9999,       3111979
59.000,59.000,58.000,56.000,55.000,54.000,53.000,52.000,51.000,50.000,9999,        1121979
48.000,47.000,45.000,42.000,39.000,37.000,36.000,32.000,28.000,25.000,9999,        2121979
21.000,18.000,16.000,14.000,14.000,17.000,26.000,25.000,19.000,19.000,17.000,       3121979
 6.000, 6.000, 6.000, 6.000, 5.000, 5.000, 5.000, 5.000, 5.000, 5.000,9999,        1 11982
 5.000, 5.000, 4.000, 4.000, 4.000, 4.000, 4.000, 4.000, 4.000, 4.000,9999,        2 11982
 4.000, 4.000, 4.000, 4.000, 4.000, 4.000, 3.000, 3.000, 3.000, 3.000, 3.000,       3 11982
 3.000, 3.000, 3.000, 3.000, 3.000, 3.000, 3.000, 2.000, 2.000, 2.000,9999,        1 21982
 2.000, 2.000, 2.000, 2.000, 2.000, 2.000, 3.000, 2.000, 3.000, 3.000,9999,        2 21982
 3.000, 2.000, 2.000, 3.000, 3.000, 3.000, 3.000, 3.000, 9999, 9999, 9999,       3 21982
 3.000, 3.000, 2.000, 2.000, 2.000, 2.000, 2.000, 2.000, 1.000, 1.000,9999,        1 31982
 1.000, 1.000, 1.000, 1.000, 1.000, 2.000, 1.000, 1.000, 2.000, 2.000,9999,        2 31982
 2.000, 2.000, 2.000, 1.000, 1.000, 1.000, 1.000, 3.000,11.000,13.000,12.000,       3 31982
11.000,10.000, 8.000, 8.000, 7.000, 7.000, 7.000, 7.000, 7.000, 6.000,9999,        1 41982
 5.000, 5.000, 4.000, 4.000, 4.000, 4.000, 5.000, 7.000, 8.000,11.000,9999,        2 41982
17.000,30.000,26.000,23.000,22.000,23.000,24.000,20.000,17.000,14.000, 9999,       3 41982
15.000,14.000,19.000,19.000,20.000,17.000,15.000,19.000,24.000,25.000,9999,        1 51982
27.000,34.000,43.000,51.000,78.000,87.000,88.000,77.000,46.000,38.000,9999,        2 51982
30.000,28.000,25.000,24.000,20.000,18.000,17.000,15.000,14.000,14.000,11.000,       3 51982
10.000,15.000,23.000,43.000,50.000,54.000,46.000,38.000,31.000,31.000,9999,        1 61982
30.000,28.000,32.000,32.000,29.000,25.000,23.000,24.000,29.000,34.000,9999,        2 61982
36.000,36.000,36.000,34.000,41.000,58.000,47.000,40.000,42.000,46.000, 9999,       3 61982
43.000,39.000,35.000,35.000,41.000,56.000,49.000,42.000,35.000,31.000,9999,        1 71982
27.000,29.000,47.000,54.000,60.000,57.000,56.000,113.00,54.000,72.000,9999,        2 71982
98.000,74.000,79.000,71.000,55.000,30.000,109.00,109.00,114.0078.000,63.000,       3 71982
96.000,132.00,159.00,144.00,113.00,104.0082.000,70.000,64.000,96.000,9999,        1 81982
126.00,125.00,132.00,146.00,176.00,203.00,186.00,164.00,168.00,166.00,            2 81982
154.00,129.00,116.00,110.00,103.00,131.00,162.00,170.00,208.00,223.00,254.00,      3 81982
280.00,279.00,269.00,267.00,242.00,225.00,232.00,249.00,278.00,284.00,            1 91982
294.00,316.00,331.00,348.00,350.00,341.00,331.00,316.00,300.00,290.00,            2 91982
266.00,246.00,225.00,214.00,204.00,188.00,172.00,161.00,152.00,136.00,9999,       3 91982
130.00,122.00,114.00,103.0094.000,90.000,103.00,111.00,124.00,137.00,            1101982
137.00,132.00,124.00,116.00,105.00,100.0090.000,83.000,77.000,73.000,9999,        2101982
69.000,66.000,63.000,61.000,59.000,56.000,56.000,55.000,54.000,53.000,52.000,       3101982
54.000,56.000,65.000,73.000,72.000,69.000,66.000,62.000,57.000,53.000,9999,        1111982
51.000,49.000,46.000,45.000,43.000,42.000,41.000,40.000,39.000,38.000,9999,        2111982
36.000,35.000,33.000,32.000,31.000,30.000,29.000,28.000,26.000,25.000, 9999,       3111982
23.000,22.000,21.000,20.000,19.000,18.000,17.000,16.000,15.000,14.000,9999,        1121982
13.000,13.000,13.000,12.000,12.000,12.000,11.000,11.000,11.000,11.000,9999,        2121982
10.000,10.000,10.000,10.000, 9.000, 9.000, 9.000, 8.000, 8.000, 8.000, 8.000,       3121982
10.100 9.630 9.140 8.510 8.230 8.090 7.970 7.830 7.830 7.8309999,        1 11993
 7.720 7.460 7.320 7.200 7.050 6.810 6.220 5.720 5.920 5.0409999,        2 11993
 4.820 4.590 4.370 4.250 4.240 4.040 4.020 4.010 3.820 3.800 3.800       3 11993
 3.800 3.800 3.790 3.630 3.610 3.610 3.610 3.610 3.610 3.6109999,        1 21993
 3.610 3.610 3.610 3.600 3.440 3.420 3.420 3.330 3.230 3.1409999,        2 21993
 3.030 2.870 2.760 2.650 2.490 2.380 2.190 2.080 9999, 9999, 9999,       3 21993
 1.000, 1.000, 1.000, 1.800 1.790 1.780 1.690 1.680 1.630 1.5709999,        1 31993
 1.560 1.470 1.460 1.410 1.360 1.900 9.15012.90011.600 9.5509999,        2 31993
 7.750 5.830 4.720 3.770 3.430 3.150 2.860 2.670 2.480 2.200 1.920       3 31993
 1.890 1.790 1.680 1.520 1.300 1.130 1.030 1.010 0.920 0.9109999,        1 41993
 0.860 0.800 0.730 0.660 0.590 0.530 0.690 1.100 1.550 2.0709999,        2 41993
 2.790 2.770 2.390 2.020 1.740 1.520 1.300 1.080 0.890 1.360 9999,       3 41993
 2.010 2.820 3.790 4.870 5.460 6.070 7.600 8.900 9.230 7.6409999,        1 51993
 6.600 5.740 4.960 4.070 3.260 2.500 1.880 1.630 1.410 1.1909999,        2 51993
 0.970 0.670 0.390 1.010 1.740 3.070 2.660 4.900 6.020 6.950 7.550       3 51993
10.50011.100 9.80011.20013.60015.10016.400 9999, 9999, 9999,9999,        1 61993
 9999, 9999, 9999, 9999, 9999, 9999, 9999, 9999, 9999, 9999,9999,        2 61993
 9999, 9999, 9999, 9999, 9999,20.50019.50018.60020.10022.900 9999,       3 61993
26.40030.50035.80042.40049.60057.10064.10069.10073.60078.3009999,        1 71993
83.70090.500103.00,111.00,118.00,125.00,133.00,140.00,148.00,156.00,            2 71993
163.00,172.00,180.00,187.00,195.00,203.00,197.00,206.00,211.00,215.00,219.00,      3 71993
227.00,237.00,246.00,255.00,265.00,274.00,284.00,293.00,303.00,312.00,            1 81993
321.00,331.00,340.00,350.00,359.00,369.00,378.00,387.00,397.00,406.00,            2 81993
416.00,425.00,435.00,444.00,454.00,463.00,472.00,482.00,491.00,501.00,510.00,      3 81993
521.00,533.00,544.00,573.00663.00731.00642.00609.00,570.00,515.00,            1 91993
488.00,455.00,440.00,433.00,427.00,420.00,411.00,403.00,396.00,389.00,            2 91993
381.00,372.00,363.00,353.00,340.00,326.00,314.00,301.00,288.00,277.00,9999,       3 91993
266.00,253.00,242.00,231.00,220.00,209.00,193.00,179.00,166.00,151.00,            1101993
138.00,124.00,115.00,107.0088.50088.20092.000,90.000,87.80085.3009999,        2101993
81.60078.000,74.50070.60066.300 9999, 9999, 9999, 9999, 9999, 9999,       3101993
 9999, 9999, 9999, 9999, 9999, 9999, 9999, 9999, 9999, 9999,9999,        1111993
 9999, 9999, 9999, 9999, 9999, 9999, 9999, 9999,30.000,29.3009999,        2111993
28.70028.40030.80032.40032.50032.10032.70032.10031.50031.100 9999,       3111993
30.40030.000,29.40029.000,28.60028.60028.60027.90027.20026.6009999,        1121993
26.000,25.40024.80024.20023.60022.80021.60020.50019.50018.5009999,        2121993
17.000,15.40013.80012.30011.70011.30011.000,10.60010.300 9.920 8.500       3121993
