1,2,3,4,5,6,7,8,9,10,11,date
 0.000, 0.000, 0.000, 0.000, 0.000, 0.000, 0.000, 0.000, 0.000, 0.000,9999,        1 11977
 0.000, 0.000, 0.000, 0.000, 0.000, 0.000, 0.000, 0.000, 0.000, 0.000,9999,        2 11977
 0.000, 0.000, 0.000, 0.000, 0.000, 0.000, 0.000, 0.000, 0.000, 0.000, 0.000,       3 11977
 0.000, 0.000, 0.000, 0.000, 0.000, 0.000, 0.000, 0.000, 0.000, 0.000,9999,        1 21977
 0.000, 0.000, 0.000, 0.000, 0.000, 0.000, 0.000, 0.000, 0.000, 0.000,9999,        2 21977
 0.000, 0.000, 0.000, 0.000, 0.000, 0.000, 0.000, 0.000, 9999, 9999, 9999,       3 21977
 0.000, 0.000, 0.000, 0.000, 0.000, 0.000, 0.000, 0.000, 0.000, 0.000,9999,        1 31977
 0.000, 0.000, 0.000, 0.000, 0.000, 0.000, 0.000, 0.000, 0.000, 0.000,9999,        2 31977
 0.000, 0.000, 0.000, 0.000, 0.000, 0.000, 0.000, 0.000, 0.000, 0.000, 0.000,       3 31977
 0.000, 0.000, 0.000, 0.000, 0.000, 0.000, 0.000, 0.000, 0.000, 0.000,9999,        1 41977
 0.000, 0.000, 0.000, 0.000, 0.000, 0.000, 0.000, 0.000, 0.000, 0.000,9999,        2 41977
 0.000, 0.000, 0.000, 0.000, 0.000, 0.000, 0.000, 0.000, 0.000, 0.000, 9999,       3 41977
 0.000, 0.000, 0.000, 0.000, 0.000, 0.000, 0.000, 0.000, 0.000, 0.000,9999,        1 51977
 0.000, 0.000, 0.000, 0.000, 0.000, 0.000, 0.000, 0.000, 0.000, 0.000,9999,        2 51977
 0.000, 0.000, 0.000, 0.000, 0.000, 0.000, 0.000, 0.000, 0.000, 0.000, 0.000,       3 51977
 0.000, 0.000, 0.000, 0.000, 5.000, 4.000, 4.000, 3.000, 3.000, 1.000,9999,        1 61977
 0.000, 2.000, 2.000,19.000,10.000, 9.000, 5.000, 2.000, 1.000, 0.000,9999,        2 61977
 1.000, 4.000, 4.000, 4.000,32.000,21.000,14.000,10.000,23.000,32.000, 9999,       3 61977
34.000,105.00,59.000,46.000,37.000,32.000,28.000,18.000,12.000,25.000,9999,        1 71977
21.000,11.000, 6.000, 3.000, 2.000,19.000,51.000,49.000,40.000,35.000,9999,        2 71977
32.000,40.000,130.00,176.00,161.00,163.00,197.00,186.00,143.00,104.00,84.000,       3 71977
77.000,62.000,48.000,40.000,42.000,30.000,31.000,32.000,57.000,82.000,9999,        1 81977
67.000,79.000,118.00,115.00,111.00,198.00,238.00,233.00,257.00,275.00,            2 81977
239.00,168.00,125.00,101.0077.000,164.00,85.000,99.000,126.00,114.00,103.00,      3 81977
99.000,97.000,117.00,135.00,116.00,93.000,72.000,90.000,108.00,109.00,            1 91977
98.000,88.000,81.000,74.000,64.000,55.000,54.000, 9999, 9999, 9999,9999,        2 91977
 9999, 9999, 9999, 9999, 9999, 9999, 9999, 9999, 9999, 9999, 9999,       3 91977
 9999, 9999, 9999, 9999, 9999, 9999, 9999, 9999, 9999, 9999,9999,        1101977
19.000,18.000,15.000,13.000,12.000,12.000,11.000,11.000,10.000,11.000,9999,        2101977
11.000,10.000, 9.000, 7.000, 6.000, 5.000, 5.000, 4.000, 4.000, 3.000, 3.000,       3101977
 2.000, 2.000, 2.000, 1.000, 1.000, 1.000, 1.000, 1.000, 1.000, 0.000,9999,        1111977
 9999, 9999, 9999, 9999, 9999, 9999, 9999, 9999, 9999, 9999,9999,        2111977
 9999, 9999, 9999, 9999, 9999, 9999, 9999, 9999, 9999, 9999, 9999,       3111977
 0.000, 0.000, 0.000, 0.000, 0.000, 0.000, 0.000, 0.000, 0.000, 0.000,9999,        1121977
 0.000, 0.000, 0.000, 0.000, 0.000, 0.000, 0.000, 0.000, 0.000, 0.000,9999,        2121977
 0.000, 0.000, 0.000, 0.000, 0.000, 0.000, 0.000, 0.000, 0.000, 0.000, 0.000,       3121977
